Multiple size <= 100
TEST 1 ARG:74 18 54 57 92 56 55 28 31 13 0 26 21 59 42 45 51 32 94 9 8 63 84 36 52 47 87 60 41 49 99 79 5 71 97 11 34 93 44 95 86 30 46 53 24 25 77 12 20 75 66 64 89 6 76 27 81 91 98 78 4 29 14 65 39 88 73 7 23 35 40 82 3 43 10 16 37 67 85 90 17 58 19 15 61 2 80 96 83 22 69 33 72 38 1 50 62 48 70 68
TEST 2 ARG:53 66 44 98 4 94 76 34 23 19 74 95 93 45 6 18 57 64 17 73 33 92 32 78 75 99 55 70 88 43 58 26 59 30 42 83 14 65 54 39 46 68 90 56 85 96 29 7 80 28 86 51 97 38 16 82 84 47 31 2 10 79 0 77 91 35 21 20 25 48 1 62 61 15 3 60 41 5 50 24 11 87 71 69 9 22 89 52 27 13 49 63 40 8 37 72 12 67 36 81
TEST 3 ARG:82 86 42 73 38 78 22 55 19 21 53 99 66 46 14 16 88 81 6 23 5 12 74 1 76 90 75 84 9 18 10 63 54 13 94 50 68 24 77 39 17 28 35 64 3 97 57 83 0 89 49 91 85 98 43 8 70 65 25 33 48 80 58 34 44 2 69 47 7 72 93 40 15 71 27 37 30 31 62 95 11 67 4 92 96 41 36 79 32 59 45 56 51 87 20 26 29 60 61 52
TEST 4 ARG:7 50 6 33 11 95 22 64 39 25 3 63 92 43 83 71 40 24 1 61 45 98 89 5 81 74 23 84 21 32 77 29 38 54 28 72 69 85 0 82 27 41 15 60 51 76 13 47 55 49 68 42 56 75 87 96 9 46 4 37 17 18 10 78 66 8 53 94 16 86 91 62 97 73 20 35 57 52 65 2 30 14 34 70 12 59 44 31 88 36 80 93 99 67 26 79 58 19 48 90
TEST 5 ARG:18 90 81 86 63 42 85 16 62 53 67 88 79 89 3 97 60 0 19 93 83 1 66 75 64 40 47 50 74 58 69 96 31 29 8 33 54 84 15 5 94 2 51 4 41 71 14 17 13 99 6 98 48 20 26 57 34 61 44 87 80 95 10 22 49 25 92 11 30 35 72 9 59 7 32 24 39 77 21 78 27 82 36 46 56 65 38 43 52 76 55 73 91 12 28 45 23 68 70 37
TEST 6 ARG:59 55 84 98 24 36 94 13 93 40 82 62 43 30 45 52 39 47 61 99 38 12 88 4 70 7 54 73 23 5 27 14 83 6 20 58 80 37 41 91 64 32 9 29 95 34 46 18 85 87 8 71 51 11 2 19 31 26 77 16 50 67 63 72 78 96 89 0 35 48 92 81 10 75 42 21 74 97 57 69 17 79 76 1 66 90 15 53 28 49 65 3 25 68 22 44 56 33 60 86
TEST 7 ARG:49 29 51 6 97 98 56 79 46 37 77 10 69 65 36 75 53 92 99 16 82 94 25 26 84 54 32 39 38 2 30 35 87 47 0 58 62 27 83 23 60 3 86 64 44 59 43 57 4 81 33 11 91 63 21 50 13 45 17 61 24 73 7 96 1 8 28 68 52 48 14 78 9 88 67 20 89 41 22 95 40 93 31 42 19 85 34 5 90 18 12 66 71 15 72 70 55 76 80 74
TEST 8 ARG:90 36 41 15 8 4 39 73 93 34 33 37 22 0 61 99 63 21 56 68 26 44 46 3 5 52 75 78 24 84 50 77 27 23 1 96 97 83 19 85 20 95 48 94 66 59 25 91 16 88 92 30 51 2 40 14 6 13 53 89 43 31 47 42 72 45 71 58 76 55 54 69 32 82 98 74 65 12 80 60 64 62 67 10 49 29 28 57 81 70 18 7 87 17 38 11 9 35 79 86
TEST 9 ARG:70 5 41 86 61 80 42 94 95 21 69 43 32 59 9 54 26 52 82 56 11 15 63 30 55 74 83 92 3 93 6 53 76 34 7 97 71 4 31 13 2 62 85 8 27 67 17 23 50 87 65 81 28 36 25 49 90 78 38 24 33 79 44 1 12 0 73 66 75 89 20 37 72 58 19 29 47 45 22 77 35 84 16 88 10 99 51 96 48 14 57 46 64 91 60 39 98 18 68 40
TEST 10 ARG:95 55 40 66 73 10 71 16 31 99 51 96 68 12 47 59 86 1 54 43 79 9 88 34 64 82 85 11 97 20 84 94 65 42 13 17 46 62 63 24 67 37 45 15 3 7 80 98 92 70 22 6 87 4 93 48 30 5 58 25 18 81 83 2 53 76 74 50 26 28 69 14 57 44 36 8 60 91 39 61 23 72 77 21 19 78 0 52 32 35 38 49 89 27 90 33 41 29 56 75
TEST 11 ARG:0 24 89 60 67 58 66 17 12 78 45 14 28 62 94 26 75 11 83 38 50 68 36 2 91 34 96 29 25 18 77 72 92 53 61 4 42 63 21 40 9 16 84 5 1 57 13 90 81 99 56 88 71 85 20 54 19 41 82 49 35 74 22 32 27 30 15 47 86 33 37 31 23 39 44 48 95 7 3 8 80 10 55 51 65 64 76 52 43 87 97 93 98 73 59 6 69 79 70 46
TEST 12 ARG:97 68 36 4 81 70 98 54 85 35 29 23 12 26 2 80 50 39 82 52 60 48 0 15 77 74 55 63 11 69 56 31 91 16 61 24 79 9 21 95 84 32 73 10 1 47 67 99 88 49 27 38 87 17 59 83 71 45 66 25 3 7 72 13 20 57 93 76 33 51 42 40 58 30 18 8 89 6 46 78 75 62 96 41 90 22 53 86 64 28 44 34 94 43 92 65 19 14 37 5
TEST 13 ARG:61 37 12 28 44 29 81 41 40 65 87 57 73 96 59 91 9 26 67 6 0 82 90 30 42 77 58 2 84 60 50 24 49 18 16 46 51 93 99 55 83 33 34 17 53 88 71 36 63 1 54 64 38 20 56 85 74 8 5 75 15 76 21 66 3 11 86 94 27 25 47 72 14 10 39 13 7 23 97 95 69 32 80 4 48 52 89 68 70 78 62 22 92 79 31 35 19 98 43 45
TEST 14 ARG:48 2 18 76 72 89 32 16 80 42 63 60 41 95 26 67 14 8 50 81 15 52 56 96 57 1 78 94 85 84 27 3 58 36 69 29 77 79 68 66 88 97 92 65 6 62 74 91 23 71 47 5 4 24 82 53 25 34 12 20 0 45 7 19 9 43 10 46 28 87 51 40 17 37 30 59 99 75 39 93 70 83 90 31 44 11 98 35 33 13 54 64 61 22 21 38 49 86 55 73
TEST 15 ARG:5 20 99 54 52 17 83 69 71 25 42 57 62 18 95 82 65 51 36 28 12 23 89 97 30 76 77 55 81 73 27 2 31 56 72 24 92 34 50 59 1 84 39 22 15 44 74 75 79 94 11 3 87 32 85 14 58 78 8 88 41 26 70 49 53 68 80 13 45 63 0 21 10 61 93 9 66 35 64 48 16 38 37 7 19 91 33 60 67 96 6 43 4 86 29 46 40 90 47 98
TEST 16 ARG:42 28 35 52 41 3 7 43 58 37 69 22 59 23 71 72 77 60 31 91 5 85 48 20 78 68 0 89 83 18 96 90 67 15 70 86 36 84 76 39 55 32 21 11 94 63 51 95 64 33 75 49 81 47 25 61 93 38 92 34 53 19 65 40 57 44 54 50 99 17 10 16 79 6 73 66 97 45 74 27 98 14 88 80 2 26 82 56 9 29 30 8 13 46 87 24 12 4 62 1
TEST 17 ARG:85 45 97 13 57 76 82 84 42 28 95 68 2 91 3 50 35 64 87 92 96 6 14 9 41 31 4 61 10 47 46 67 70 5 99 54 88 40 49 89 37 18 51 36 80 34 71 11 1 63 27 15 22 52 16 59 65 29 75 73 58 0 25 79 23 72 62 93 94 86 60 69 38 56 43 53 98 12 32 90 83 55 39 26 66 78 21 17 44 77 30 24 33 48 8 7 74 81 19 20
TEST 18 ARG:96 18 95 89 71 88 39 0 70 67 57 60 5 68 22 21 56 80 16 46 6 9 30 59 53 54 28 27 31 32 61 51 87 15 63 66 58 73 92 34 44 29 7 43 62 47 93 14 2 99 37 42 40 23 85 8 45 11 4 65 17 36 35 77 25 24 90 78 76 1 38 50 79 83 86 10 33 82 3 94 12 72 13 91 19 55 98 52 26 20 74 41 69 97 81 75 84 48 64 49
TEST 19 ARG:44 96 58 52 20 11 98 80 19 35 36 8 88 59 54 60 2 17 99 87 42 62 64 29 28 84 67 12 18 94 61 26 23 14 32 71 31 56 30 37 53 97 68 49 92 70 48 74 72 51 45 34 82 65 47 63 0 78 50 16 43 69 27 79 95 73 93 24 21 25 33 46 77 15 1 91 9 10 89 57 40 75 90 22 4 39 13 7 81 76 55 66 41 83 5 38 3 85 86 6
TEST 20 ARG:83 37 1 42 47 32 19 57 7 98 92 24 20 26 49 94 40 53 5 75 6 51 55 46 74 23 9 31 27 59 79 68 58 89 91 33 3 71 78 84 39 66 43 56 61 22 54 41 76 97 17 80 35 18 69 2 16 8 13 34 0 95 81 90 73 38 63 62 50 30 60 85 65 64 87 82 4 29 45 15 67 88 96 36 70 52 25 21 12 14 77 28 72 11 86 44 48 10 99 93
TEST 21 ARG:18 16 55 89 24 82 7 8 41 90 46 10 6 5 77 9 96 42 73 27 30 79 76 67 54 2 58 68 70 99 43 23 33 61 84 28 69 38 94 0 63 48 87 95 75 51 53 39 29 34 66 83 15 98 50 1 20 36 37 11 65 74 64 12 49 80 72 3 21 93 85 91 56 62 25 86 52 81 22 26 88 13 71 60 45 40 31 78 92 4 17 44 32 57 47 14 19 35 97 59
TEST 22 ARG:76 41 30 34 62 93 91 55 46 8 14 47 86 72 49 4 57 33 77 74 60 83 50 61 32 98 5 89 87 0 35 17 82 18 92 51 40 90 64 84 70 23 29 42 59 78 96 67 11 27 56 31 1 52 26 24 39 79 63 99 15 28 94 45 12 58 6 36 54 95 22 66 7 85 68 19 73 3 80 44 37 48 20 25 53 71 38 43 88 97 65 75 13 21 10 2 81 69 9 16
TEST 23 ARG:23 82 11 97 31 54 5 94 93 45 96 61 8 25 72 6 28 37 88 81 91 0 44 39 46 90 52 16 56 40 63 95 98 30 67 38 60 26 78 75 99 70 80 20 1 86 21 34 55 29 71 65 22 24 15 92 76 89 68 12 84 13 85 64 50 27 35 66 69 77 17 33 51 10 49 41 74 47 36 43 9 59 57 87 3 4 83 18 32 62 7 42 79 14 58 2 48 53 19 73
TEST 24 ARG:31 83 18 90 20 0 28 32 22 85 6 34 58 89 9 54 1 12 44 69 41 19 16 10 98 11 14 24 15 99 67 26 57 46 52 37 95 78 76 51 38 96 72 63 27 50 87 23 13 45 68 17 55 93 49 71 36 5 3 70 29 60 7 25 48 73 80 64 77 39 59 61 53 88 79 91 47 81 8 84 65 40 86 2 74 33 30 56 4 21 75 66 92 62 42 97 82 43 94 35
TEST 25 ARG:26 61 81 29 24 13 75 63 78 22 36 64 46 94 35 8 40 38 76 20 2 98 92 77 41 7 44 69 27 18 70 53 12 82 3 39 32 21 23 11 57 73 45 88 84 9 54 72 95 71 67 93 43 4 30 55 74 1 68 79 97 6 51 42 60 56 28 14 37 50 17 19 85 10 48 83 31 65 25 89 16 91 34 49 5 33 99 87 86 66 0 58 96 52 62 59 15 90 47 80
TEST 26 ARG:25 90 97 74 96 69 14 1 40 39 78 59 95 36 23 33 37 9 80 42 84 73 98 41 79 81 52 56 94 63 20 48 30 47 50 32 75 22 4 44 18 83 21 3 7 77 99 92 13 64 31 29 70 76 91 2 68 45 89 27 61 17 62 0 87 54 58 66 65 38 19 49 71 35 85 46 82 60 5 57 8 93 15 88 24 11 26 28 10 55 86 67 72 43 34 6 12 53 51 16
TEST 27 ARG:32 27 35 10 83 41 54 7 85 78 95 61 58 8 82 60 84 6 51 39 50 77 4 87 1 56 0 31 64 23 99 29 11 24 72 25 3 81 36 73 19 46 70 38 55 92 42 15 89 88 93 12 43 40 49 20 28 5 80 48 59 74 65 37 62 47 66 76 68 9 30 16 2 69 52 67 34 44 14 53 26 63 75 21 22 18 97 57 94 98 33 13 91 45 86 79 17 90 96 71
TEST 28 ARG:21 59 41 84 23 14 48 61 29 47 2 52 27 73 10 58 35 33 63 87 97 25 19 32 96 99 66 83 75 72 80 55 37 20 78 56 79 13 54 43 95 1 89 42 31 94 34 12 86 68 50 70 91 5 30 45 39 44 90 7 76 18 40 98 6 81 67 22 46 4 64 85 16 36 49 11 15 28 24 71 3 62 74 26 93 65 69 17 60 92 53 88 57 9 82 77 38 0 8 51
TEST 29 ARG:57 24 83 90 84 41 31 86 28 58 33 3 19 12 43 85 66 82 15 70 6 48 34 65 62 97 46 49 76 59 87 44 75 55 8 94 60 61 50 23 91 51 71 77 20 69 79 13 37 53 89 45 36 35 16 56 92 73 88 47 2 38 21 0 7 29 54 96 22 64 27 93 1 74 42 17 80 81 68 99 98 10 5 25 39 67 4 18 9 40 95 72 14 30 63 78 26 52 32 11
TEST 30 ARG:61 13 23 38 65 62 78 24 59 19 6 34 26 33 56 98 22 39 52 49 36 4 83 0 63 88 46 93 16 99 32 86 2 12 53 90 27 77 55 91 44 30 10 89 75 21 69 85 42 29 71 95 81 37 67 15 50 17 43 64 1 87 40 58 60 54 94 47 8 57 14 79 31 84 18 20 97 5 9 80 35 82 3 25 74 70 92 48 76 11 7 45 72 66 41 68 73 96 28 51
TEST 31 ARG:26 4 95 30 15 14 38 58 45 16 94 2 36 92 42 20 9 90 81 40 55 54 59 93 71 18 79 86 11 70 74 50 24 28 66 25 6 84 69 44 17 78 60 64 21 35 52 56 12 47 37 68 89 32 87 98 46 99 3 23 72 76 31 22 63 61 13 51 83 33 19 85 7 73 96 57 29 82 77 67 34 97 91 27 65 1 49 80 43 75 5 53 88 62 41 10 8 48 39 0
TEST 32 ARG:92 49 18 41 4 96 58 12 28 66 35 87 2 43 22 45 6 32 5 11 42 48 99 24 65 75 91 46 97 14 57 64 37 73 94 69 36 20 67 55 68 40 1 70 74 72 39 16 3 52 33 15 90 9 27 50 38 83 89 25 77 79 53 59 31 78 86 61 84 71 98 23 82 44 17 63 51 56 26 76 93 95 54 80 30 10 13 88 81 7 34 19 60 29 62 85 47 0 8 21
TEST 33 ARG:53 13 6 97 73 82 85 14 26 79 83 91 48 59 70 78 5 55 4 67 75 37 99 81 65 87 20 29 11 0 25 52 88 90 74 57 28 80 96 45 9 33 47 24 30 68 8 69 15 12 39 46 49 35 42 60 18 94 1 98 84 51 93 32 41 27 44 21 7 71 72 64 61 66 89 34 95 76 50 3 54 22 63 23 40 36 56 19 62 92 2 38 43 58 10 77 86 17 31 16
TEST 34 ARG:93 99 35 53 55 51 32 68 98 76 59 29 30 72 45 67 77 15 49 84 4 24 58 90 41 1 16 61 22 63 5 44 54 2 43 96 10 19 50 78 20 3 94 62 11 97 25 65 69 79 40 23 7 33 21 36 91 81 12 26 60 71 75 52 31 37 74 73 46 6 48 0 9 38 82 64 56 80 34 8 47 17 13 83 39 88 42 87 28 70 85 86 66 95 27 89 18 92 57 14
TEST 35 ARG:30 21 69 11 25 64 55 99 29 51 95 84 49 59 42 20 18 22 4 1 86 70 10 34 58 87 63 48 96 41 17 44 81 67 27 9 77 60 76 19 24 39 52 12 82 91 36 23 66 71 7 57 47 89 13 61 62 46 94 50 80 97 16 2 40 3 98 5 0 74 33 43 38 37 93 32 56 45 83 65 72 75 35 78 88 31 68 54 6 14 73 90 28 92 26 15 79 8 53 85
TEST 36 ARG:48 45 98 21 65 57 24 23 4 69 79 8 91 51 97 10 54 19 29 86 25 47 96 87 78 22 74 75 5 3 73 90 35 12 1 6 82 30 18 2 76 84 14 71 43 56 20 42 7 28 49 33 94 60 99 70 63 39 89 66 13 9 85 80 27 15 64 26 37 44 83 17 32 46 41 81 93 61 62 92 50 55 68 72 77 52 88 59 16 40 0 95 36 34 67 11 38 58 31 53
TEST 37 ARG:37 57 79 20 22 53 14 33 39 86 99 95 64 32 3 69 84 63 67 29 60 92 28 42 81 2 52 43 71 47 73 55 76 4 38 54 74 83 68 34 41 87 18 5 9 88 48 36 11 16 12 89 23 19 78 35 70 46 82 80 0 96 15 49 94 62 21 90 56 93 30 27 75 51 45 40 26 1 10 72 65 13 58 97 85 59 77 7 6 17 24 61 66 98 50 31 8 44 91 25
TEST 38 ARG:30 44 49 76 87 42 4 5 3 68 78 90 56 74 89 70 81 54 50 88 34 9 25 75 63 97 14 12 17 91 38 33 21 15 96 19 22 84 58 66 82 53 86 64 20 59 67 8 61 73 45 69 80 37 40 16 24 35 47 0 29 51 27 55 92 13 46 11 10 98 41 65 6 1 62 36 28 77 71 39 93 99 79 94 83 23 32 31 18 57 72 52 7 26 85 48 95 2 43 60
TEST 39 ARG:80 86 87 76 28 43 3 60 35 65 69 20 15 62 0 38 17 4 72 88 1 96 22 94 56 77 25 67 8 51 89 71 90 75 44 41 39 64 92 98 40 21 97 32 6 37 52 42 73 82 79 83 81 12 66 9 10 18 23 26 84 19 47 14 55 31 50 61 36 70 30 95 13 11 53 58 33 46 59 91 34 85 7 2 27 16 24 63 54 74 68 45 57 5 99 49 29 78 48 93
TEST 40 ARG:22 89 10 37 2 13 49 43 61 95 91 25 65 70 46 47 83 57 98 90 31 58 42 81 30 32 59 96 87 17 1 23 94 56 28 9 92 29 72 15 52 62 82 41 48 26 97 20 55 36 66 27 33 50 79 19 5 4 38 85 7 54 40 11 3 93 53 76 99 14 8 69 35 39 86 34 64 74 77 68 24 67 45 51 21 71 63 18 75 88 12 60 16 78 6 44 84 80 73 0
TEST 41 ARG:48 89 66 98 18 74 99 25 84 28 30 19 59 29 12 40 37 39 2 76 46 53 88 0 32 93 22 77 56 70 10 49 1 55 86 6 50 69 27 9 68 81 45 14 33 94 42 34 21 7 8 63 62 61 38 36 23 92 80 54 65 26 79 51 73 35 47 83 75 82 24 57 44 90 96 5 87 71 91 17 13 58 64 20 16 3 43 97 41 72 15 60 31 11 67 52 85 95 4 78
TEST 42 ARG:21 30 15 66 83 27 34 61 65 10 78 85 9 0 77 31 79 32 49 37 70 20 7 59 28 58 12 5 51 90 8 75 71 86 94 63 47 25 62 40 41 11 13 96 17 39 87 56 60 44 99 19 43 54 22 68 57 73 89 26 4 48 55 95 24 29 36 81 93 50 64 6 69 18 53 33 1 74 16 52 67 42 84 98 92 82 46 45 97 35 80 72 3 14 2 23 91 88 38 76
TEST 43 ARG:30 83 32 76 60 12 9 36 77 63 28 69 91 92 8 41 61 93 73 50 39 87 68 24 38 70 48 82 95 23 25 86 84 55 40 52 22 98 15 72 16 18 80 45 58 88 14 65 10 53 66 20 17 4 33 37 21 2 85 26 11 19 47 13 3 7 90 75 42 44 56 99 74 67 43 6 71 79 97 0 27 51 1 96 35 49 78 64 34 29 31 81 59 57 5 54 89 62 94 46
TEST 44 ARG:91 94 13 0 80 74 20 34 43 47 62 93 92 16 32 45 29 2 33 4 85 27 82 3 39 44 50 59 35 88 63 95 97 56 30 60 14 10 87 75 89 11 70 57 52 49 78 38 90 42 71 84 12 6 72 9 83 37 22 21 48 46 23 31 1 65 69 53 7 68 96 18 40 54 98 77 99 64 25 26 15 8 55 86 17 76 81 36 66 73 79 5 24 67 28 19 61 41 51 58
TEST 45 ARG:29 50 92 19 46 53 36 64 5 89 72 13 81 65 30 84 6 41 86 58 96 10 40 61 3 16 77 1 48 45 97 71 76 99 8 24 79 12 2 31 26 20 85 4 22 17 39 63 52 33 7 80 47 75 14 55 54 94 60 93 51 87 37 62 73 28 23 56 43 69 90 98 88 15 49 0 32 35 83 18 67 82 57 27 38 74 21 59 34 42 78 44 9 25 68 95 70 11 66 91
TEST 46 ARG:17 68 58 95 90 53 64 43 50 33 44 61 81 54 88 8 56 99 65 77 3 22 27 12 42 67 34 7 0 98 15 52 35 21 18 80 4 78 14 93 38 5 24 57 25 84 63 69 39 59 70 94 86 62 60 72 32 49 41 29 10 89 85 71 31 73 82 55 66 19 9 20 83 51 36 1 76 45 87 79 13 91 30 26 46 97 47 48 92 40 2 28 16 11 74 96 23 75 6 37
TEST 47 ARG:70 35 62 94 32 71 20 10 66 91 34 82 4 95 96 60 3 44 73 75 78 40 93 23 69 9 39 16 1 53 38 50 43 99 56 59 64 42 11 54 22 8 24 7 45 33 84 36 19 72 63 49 12 81 57 83 61 55 48 46 21 18 76 47 31 65 90 2 17 25 79 0 51 28 15 98 89 6 14 88 13 29 67 30 41 58 68 92 97 26 77 86 74 37 80 27 52 87 85 5
TEST 48 ARG:82 29 66 9 19 65 30 99 2 15 88 35 31 77 93 5 71 86 1 95 78 75 47 23 57 73 14 72 45 60 49 98 55 53 25 13 67 17 6 41 42 8 69 90 11 76 84 59 39 52 33 37 36 7 62 85 70 44 97 0 46 4 24 20 34 22 63 56 64 96 18 81 68 26 32 21 79 48 28 87 3 91 80 16 38 12 10 74 27 40 61 54 50 83 89 92 51 94 58 43
TEST 49 ARG:3 36 83 18 68 31 56 42 65 12 16 47 10 55 80 59 87 27 43 51 66 57 69 28 96 62 74 61 73 34 88 13 93 21 4 72 94 60 6 92 38 32 50 85 17 67 40 99 78 33 89 37 35 19 90 41 7 46 97 22 0 25 15 2 52 20 71 49 77 11 23 81 63 39 75 5 53 95 45 9 29 79 44 64 54 14 24 70 82 48 1 26 76 91 98 58 86 8 30 84
TEST 50 ARG:56 21 85 17 45 94 9 81 82 2 7 23 95 44 55 86 5 91 73 10 57 52 90 87 49 99 1 30 25 26 8 53 36 32 37 63 33 22 0 77 79 70 80 39 19 43 93 69 12 78 92 84 48 11 46 38 88 6 18 66 71 27 54 3 58 76 31 98 61 4 29 24 28 20 41 89 15 16 14 97 96 47 59 60 13 40 75 68 64 67 74 50 62 72 35 34 65 51 83 42
TEST 51 ARG:94 31 81 96 71 21 38 26 64 2 90 39 24 87 44 23 27 22 1 66 51 12 14 61 33 45 0 6 89 67 35 62 32 88 15 95 75 52 91 37 3 70 58 63 36 13 56 5 7 83 43 73 34 29 9 17 10 57 54 20 79 16 69 86 74 85 76 68 46 30 77 19 18 65 48 47 55 41 98 40 93 50 60 53 49 8 99 97 42 28 82 78 72 4 80 25 11 59 84 92
TEST 52 ARG:61 7 14 51 86 40 31 80 96 63 4 28 92 46 88 60 19 75 99 93 79 16 21 53 2 9 54 57 98 90 58 33 45 3 55 22 67 12 48 78 42 87 23 30 44 59 20 70 49 68 38 84 39 15 76 56 24 65 25 10 18 77 83 72 26 1 97 11 85 69 6 89 37 62 8 91 0 74 64 17 82 36 43 81 94 32 41 35 27 5 73 47 95 50 71 52 34 66 13 29
TEST 53 ARG:5 80 96 65 13 30 92 46 63 14 15 4 55 22 21 81 26 50 23 10 87 20 85 45 67 70 44 82 6 12 40 98 76 97 25 24 36 47 99 53 17 79 60 19 83 27 69 56 8 42 29 77 16 93 90 33 1 78 72 2 35 54 74 52 94 91 84 66 49 28 41 43 37 75 34 32 11 38 89 59 18 64 68 7 58 95 9 51 39 62 31 61 71 86 73 3 57 48 0 88
TEST 54 ARG:50 94 98 9 85 32 64 99 95 36 89 14 12 13 46 63 23 92 40 74 5 44 56 28 26 3 93 77 80 54 4 17 65 10 41 24 35 33 79 19 48 49 25 51 58 8 45 76 7 97 86 29 91 39 27 84 61 88 60 69 67 90 71 53 57 22 20 21 96 81 31 37 15 1 30 55 73 59 75 38 11 62 70 34 2 18 83 0 42 52 47 82 87 66 6 72 16 78 43 68
TEST 55 ARG:51 57 71 87 85 67 47 32 7 11 83 8 69 15 81 35 23 94 53 30 90 63 78 92 4 34 84 14 76 62 20 95 80 72 77 43 28 86 58 55 60 9 44 56 98 88 42 68 36 64 54 89 70 79 37 31 16 45 25 65 48 17 33 3 27 97 59 73 21 24 99 5 96 93 46 22 18 10 82 74 66 61 0 40 1 38 2 26 6 39 52 49 13 41 19 29 75 50 91 12
TEST 56 ARG:69 24 94 76 53 13 48 19 17 47 14 78 60 36 79 75 50 7 40 31 85 66 98 80 35 92 83 91 74 99 1 68 97 12 59 81 15 52 32 96 18 2 41 57 67 5 89 33 65 54 93 56 8 46 88 51 82 25 63 3 10 23 72 90 9 43 44 42 87 29 22 71 16 84 37 70 55 39 49 45 62 86 4 20 64 21 38 58 26 95 0 73 28 30 77 11 27 6 61 34
TEST 57 ARG:21 95 52 44 37 55 10 50 61 8 41 75 39 87 24 3 97 78 53 6 99 14 85 51 56 77 71 93 27 12 5 48 80 94 32 13 18 0 36 67 7 63 40 89 60 76 42 73 98 17 72 35 54 4 68 19 29 38 82 69 16 66 81 57 46 92 58 28 23 84 62 15 59 25 11 1 79 96 22 90 26 49 31 33 91 30 86 88 34 70 83 64 9 47 43 20 45 65 2 74
TEST 58 ARG:76 2 79 57 88 61 30 35 45 73 28 91 11 84 47 31 42 54 62 44 10 49 0 74 13 65 9 70 71 5 95 83 4 90 14 6 94 16 93 40 72 87 82 23 85 89 46 15 50 17 37 67 80 39 60 29 92 48 34 32 98 69 99 96 68 59 53 25 51 1 12 77 19 55 97 63 58 24 8 20 26 75 7 41 81 21 86 22 38 43 33 66 64 3 36 78 56 18 52 27
TEST 59 ARG:39 85 78 35 8 28 1 42 98 45 26 0 63 6 30 11 34 69 75 71 92 10 25 99 68 53 12 81 41 13 72 86 62 73 66 24 64 56 4 22 95 5 31 20 89 48 29 58 9 52 77 57 49 76 74 17 50 36 47 18 67 96 87 7 21 90 59 94 32 91 97 3 65 79 43 19 60 54 38 27 82 70 23 2 93 37 16 51 80 44 61 88 33 15 14 40 83 55 46 84
TEST 60 ARG:88 54 37 29 71 28 34 79 77 49 13 14 66 47 15 63 0 22 46 35 87 20 17 27 33 19 30 78 81 56 89 83 74 40 60 53 85 31 72 99 23 41 18 6 58 82 95 65 76 57 59 50 1 8 62 84 32 7 61 44 36 68 73 91 3 21 90 69 39 42 12 64 2 94 24 16 11 5 9 75 92 93 4 67 97 51 48 10 55 43 98 26 52 38 45 80 86 70 25 96
TEST 61 ARG:34 86 87 31 68 36 47 73 58 23 91 71 40 28 27 35 2 95 6 96 18 85 20 13 7 24 69 3 26 39 25 45 48 21 33 52 75 14 78 22 97 89 46 59 9 10 81 98 49 56 12 77 88 43 94 83 1 82 84 67 19 38 53 8 54 92 76 72 0 64 70 16 5 30 15 60 37 17 4 66 50 99 63 93 90 65 11 44 61 55 62 42 29 32 51 79 57 41 80 74
TEST 62 ARG:19 92 45 75 89 33 71 29 74 85 28 87 67 48 1 95 34 57 49 99 23 70 10 52 91 61 43 3 24 83 93 55 60 39 77 27 53 30 97 94 35 54 6 62 26 17 8 46 36 88 7 56 68 14 38 4 44 50 31 11 18 42 63 0 13 81 86 69 40 72 84 12 37 96 5 22 76 15 32 82 16 51 25 20 80 64 98 90 47 59 73 65 79 2 41 58 66 78 21 9
TEST 63 ARG:72 94 80 35 81 54 18 76 42 12 16 97 26 3 98 9 0 93 7 46 92 67 86 55 89 15 41 85 24 87 56 78 6 63 20 70 59 31 17 27 45 22 88 38 44 60 30 43 2 69 83 96 47 68 77 84 10 71 73 40 58 13 4 28 21 61 91 23 34 51 1 39 95 66 82 52 75 62 64 74 65 90 14 53 25 36 57 49 79 29 33 32 5 50 37 8 19 48 99 11
TEST 64 ARG:28 44 37 27 85 62 43 34 22 0 74 13 73 42 18 78 9 86 53 47 99 40 63 69 32 58 8 1 14 89 7 68 3 72 92 83 93 20 49 17 79 87 67 45 39 25 75 23 71 11 31 54 16 94 61 64 4 15 90 88 41 59 46 76 21 52 56 12 70 60 30 38 65 5 95 57 35 81 6 82 24 33 66 48 77 10 26 84 36 80 97 55 2 91 19 96 98 29 50 51
TEST 65 ARG:83 65 21 70 8 87 23 95 69 35 55 59 85 52 88 11 82 29 48 20 42 27 91 71 12 47 63 50 30 54 92 84 80 96 9 2 56 15 67 25 76 34 31 74 57 28 93 39 89 66 41 97 64 0 49 90 32 73 4 24 58 60 17 16 3 40 7 53 94 45 78 14 10 1 51 5 62 43 75 18 77 81 22 68 61 44 72 6 99 37 86 38 46 26 36 79 13 33 19 98
TEST 66 ARG:61 12 78 2 68 36 39 97 28 91 87 64 69 95 82 67 35 47 98 9 1 26 50 29 73 38 48 20 80 75 22 96 85 63 11 41 53 0 23 93 66 71 83 77 94 86 8 59 21 70 42 44 7 60 99 57 45 88 33 92 6 5 72 65 51 25 14 49 76 46 37 62 31 17 15 3 24 10 81 58 55 34 13 43 79 52 27 40 90 30 84 54 19 89 74 18 4 56 16 32
TEST 67 ARG:22 49 58 39 44 33 16 73 17 15 28 23 42 72 79 54 51 43 60 62 45 90 89 31 5 56 69 98 88 75 26 34 38 68 20 91 3 76 30 97 24 82 95 70 61 8 7 32 78 41 52 14 96 13 47 80 92 81 64 9 85 46 2 40 36 93 57 55 1 74 29 27 18 37 65 94 48 21 10 83 67 19 4 77 59 84 53 66 6 87 86 35 0 12 63 99 71 25 50 11
TEST 68 ARG:89 10 97 13 42 16 22 80 55 23 45 79 41 31 8 14 57 6 71 86 9 39 15 27 1 0 20 99 29 7 77 51 56 3 38 52 54 95 68 37 24 50 46 90 74 11 91 83 94 19 35 58 64 62 34 26 85 28 78 44 67 48 69 59 66 36 21 63 18 61 81 32 84 70 72 73 2 76 96 5 12 43 65 49 17 40 25 93 60 75 53 47 88 33 30 98 92 82 87 4
TEST 69 ARG:66 9 10 34 88 92 73 8 21 62 57 89 25 76 4 37 54 16 36 82 15 74 11 58 23 98 26 42 46 19 24 69 32 49 35 70 99 71 56 91 20 39 43 45 47 64 44 65 33 85 40 5 77 13 90 86 97 3 0 1 59 2 38 60 50 41 63 95 81 53 22 18 72 84 68 51 94 75 55 12 7 29 93 79 17 61 78 48 87 67 6 30 80 52 14 28 96 83 31 27
TEST 70 ARG:11 3 51 49 50 8 28 9 58 99 37 13 1 18 72 27 93 91 42 61 26 0 7 44 54 43 87 2 59 16 20 10 33 34 24 15 14 74 78 89 85 32 41 55 66 31 68 71 19 5 12 92 45 81 64 23 36 56 47 88 62 57 76 35 94 80 75 65 17 29 60 98 95 46 4 84 22 79 6 86 82 77 40 25 70 69 73 30 52 48 39 83 90 97 63 53 96 21 67 38
TEST 71 ARG:5 35 75 19 43 39 81 23 96 55 79 1 45 98 27 62 66 72 31 60 52 14 25 74 99 65 49 41 80 20 97 29 61 71 26 3 63 87 10 8 46 57 22 94 48 0 95 93 56 15 69 51 85 38 88 90 34 86 28 16 82 9 37 59 36 91 30 73 4 47 70 67 64 18 68 42 21 32 7 17 11 24 6 54 33 44 77 76 58 53 83 89 40 12 50 92 13 2 78 84
TEST 72 ARG:40 72 45 33 68 79 84 93 32 17 91 58 38 52 15 28 60 19 87 90 63 30 69 53 73 64 8 24 70 11 16 42 20 94 6 74 22 97 80 82 66 13 46 3 47 27 56 43 88 36 57 25 76 12 65 92 29 26 99 61 0 78 77 83 55 50 44 59 75 37 35 14 7 41 98 31 1 21 18 23 85 67 48 2 10 62 86 5 89 96 4 34 49 95 39 71 81 9 54 51
TEST 73 ARG:12 80 53 65 40 55 39 17 95 60 29 85 27 0 14 44 88 26 62 5 94 31 15 67 7 98 89 96 28 74 75 91 16 63 76 51 30 23 77 56 97 86 46 8 19 66 64 79 59 25 47 24 18 90 61 10 78 81 99 84 87 73 92 70 6 13 41 52 83 21 34 9 35 72 4 57 38 33 71 42 37 3 58 43 36 54 45 68 2 11 20 32 69 82 48 50 1 22 49 93
TEST 74 ARG:44 1 80 74 67 91 26 57 8 90 48 24 78 13 70 38 96 6 27 97 76 55 23 25 53 19 33 9 12 56 3 36 89 92 32 58 7 34 82 50 22 37 63 66 99 83 5 87 17 47 42 4 62 31 61 88 64 39 54 79 30 16 10 0 93 73 85 20 59 45 94 95 86 68 49 18 69 43 98 2 65 11 72 52 40 75 46 60 51 35 29 77 15 71 14 28 81 41 21 84
TEST 75 ARG:57 1 21 49 3 32 53 81 14 47 22 85 93 20 23 76 98 29 55 88 78 71 79 8 70 91 66 13 9 11 35 36 37 56 40 86 87 48 89 54 27 0 5 75 30 82 43 52 51 39 67 60 19 73 83 77 7 4 50 2 58 12 99 25 41 16 17 59 10 72 97 90 94 24 84 62 61 38 68 45 69 34 44 63 46 96 74 26 15 95 18 64 42 28 33 31 6 65 80 92
TEST 76 ARG:51 4 24 15 11 39 42 57 72 76 35 1 53 30 31 94 7 93 66 54 75 25 13 17 36 91 63 47 90 48 46 38 20 2 22 37 79 89 19 64 34 85 73 52 80 82 56 65 84 68 99 41 70 77 43 0 49 95 8 92 45 23 62 55 60 26 69 6 14 32 9 5 33 81 50 67 16 3 59 21 58 97 40 96 83 71 98 61 44 29 12 28 27 18 10 88 78 74 87 86
TEST 77 ARG:14 16 10 66 24 26 3 62 41 65 7 51 61 40 34 84 32 1 38 25 95 86 13 80 31 2 69 76 22 37 18 28 44 19 63 46 96 0 35 91 73 71 42 33 82 88 70 15 99 50 75 90 55 9 56 4 72 5 54 60 85 39 94 58 81 11 77 8 48 47 87 59 6 89 27 20 98 67 43 52 21 12 79 23 53 64 68 36 29 30 57 92 45 93 97 74 17 83 78 49
TEST 78 ARG:65 0 54 59 9 31 83 75 48 98 20 95 90 86 19 99 38 94 47 6 11 52 72 10 12 30 62 26 41 87 63 49 15 60 7 69 36 74 17 14 24 1 58 23 46 40 57 80 32 53 44 2 70 89 88 81 79 77 25 34 64 85 78 67 45 51 71 96 28 43 8 55 18 42 82 68 93 56 27 5 84 4 39 21 76 50 22 35 33 73 37 13 61 91 3 66 29 92 97 16
TEST 79 ARG:24 37 60 97 87 22 42 73 23 64 6 77 35 46 33 31 89 85 63 94 55 82 59 69 84 52 45 49 67 21 50 39 79 0 91 76 53 18 86 44 34 30 88 78 74 32 29 93 15 99 25 65 75 3 83 92 4 19 81 47 28 95 2 12 11 70 58 16 27 17 41 71 56 43 96 57 7 13 54 26 20 1 40 90 68 14 48 8 9 38 51 10 5 36 98 72 80 66 61 62
TEST 80 ARG:18 95 3 75 60 64 47 80 88 91 54 51 99 33 39 55 46 68 89 10 74 12 14 93 63 13 84 70 65 7 20 52 97 85 0 32 11 96 23 4 82 83 43 72 94 67 42 73 50 21 48 87 78 6 79 15 8 1 56 19 26 30 31 36 28 9 86 41 76 77 90 69 58 5 35 49 98 37 66 29 53 59 62 40 81 92 38 22 17 44 57 34 2 61 25 45 71 24 16 27
TEST 81 ARG:52 84 41 66 47 94 43 60 30 96 51 46 19 69 9 80 31 87 32 90 92 67 56 0 17 1 57 74 59 29 34 99 91 61 2 78 95 73 18 14 28 86 33 21 85 97 22 98 35 50 70 48 53 63 89 71 20 83 12 7 88 58 62 5 36 27 54 55 72 40 39 49 26 4 37 23 24 82 25 16 77 81 76 3 45 68 6 13 64 10 38 75 93 11 79 42 15 8 65 44
TEST 82 ARG:76 99 7 57 65 40 1 97 55 58 17 30 50 47 26 91 84 46 67 53 68 38 81 5 29 43 83 71 37 66 49 69 16 14 9 80 61 90 22 20 52 54 70 11 8 23 98 13 60 44 48 32 95 10 56 25 2 33 36 73 0 75 63 59 51 41 89 72 92 93 88 64 3 96 85 74 86 79 18 27 19 45 62 6 12 78 34 82 4 24 28 87 94 42 35 31 39 15 77 21
TEST 83 ARG:92 49 26 40 76 4 25 54 81 28 89 88 21 42 57 15 31 60 33 51 7 90 80 99 71 66 39 78 36 91 75 53 8 86 43 16 50 37 9 55 35 85 32 48 63 82 6 45 64 19 83 0 58 67 24 34 93 10 98 13 95 29 79 2 12 22 11 18 62 70 20 97 17 23 41 1 65 77 38 59 96 87 47 14 56 73 46 68 61 27 74 94 52 3 69 5 84 44 72 30
TEST 84 ARG:49 2 41 75 31 74 72 36 4 85 57 3 78 1 43 46 82 96 45 80 73 48 42 83 67 61 19 25 60 7 76 56 50 90 55 6 23 62 98 64 71 28 24 13 97 37 40 54 95 0 34 26 16 9 91 69 88 89 68 30 65 44 70 77 12 15 33 92 17 11 8 86 5 52 29 59 99 94 22 58 47 20 66 81 10 35 53 84 14 32 79 51 87 18 63 21 38 39 27 93
TEST 85 ARG:13 62 82 48 15 17 50 5 18 24 45 39 51 56 21 35 38 68 29 3 97 31 42 59 7 19 92 28 77 36 63 74 46 10 30 93 88 81 53 6 44 22 66 40 54 57 33 61 2 83 75 58 99 14 86 87 70 34 76 8 72 47 25 41 71 79 95 26 37 85 16 84 1 69 4 23 27 32 94 43 20 0 80 90 11 12 89 73 64 60 98 78 65 9 52 49 55 67 91 96
TEST 86 ARG:34 29 65 24 7 21 57 46 87 79 1 97 71 39 49 35 77 22 3 27 59 12 36 48 96 56 98 83 73 31 60 45 13 92 28 23 86 33 80 82 99 2 32 74 94 50 51 91 44 14 89 10 52 0 81 85 72 93 37 69 63 90 58 8 40 18 43 42 55 15 95 66 54 84 68 6 25 20 11 76 62 53 64 41 17 47 61 16 5 30 26 4 70 78 88 75 9 19 38 67
TEST 87 ARG:43 1 83 72 25 35 28 74 29 17 67 79 99 13 23 26 21 98 60 39 31 54 49 51 37 52 81 45 19 62 90 33 56 34 11 53 4 64 73 68 88 15 18 55 48 24 89 44 94 6 5 59 77 95 9 40 93 91 3 75 92 76 86 80 2 47 32 84 82 78 16 36 22 38 27 63 71 57 41 96 69 0 85 30 97 10 61 65 7 70 8 66 87 50 42 46 12 20 58 14
TEST 88 ARG:88 90 80 96 14 11 13 16 70 53 20 47 57 26 83 1 82 5 30 31 21 75 86 92 84 55 71 95 41 29 6 12 48 40 28 72 10 68 7 93 52 87 33 9 81 0 99 27 91 44 49 22 77 51 35 45 79 66 39 73 65 94 2 34 3 61 18 97 19 50 85 4 67 78 25 60 69 23 43 89 42 24 36 8 56 46 64 59 98 37 38 58 62 15 17 32 76 63 54 74
TEST 89 ARG:39 42 50 4 67 43 7 90 21 29 73 46 51 27 56 16 38 31 59 49 87 89 33 0 72 6 17 3 88 35 79 84 94 37 70 15 26 14 86 34 30 48 19 95 9 32 10 23 98 57 82 78 40 55 41 75 5 92 97 1 99 74 61 20 58 8 71 13 44 69 18 83 54 63 24 52 93 81 80 25 96 76 2 62 47 91 64 68 45 11 22 66 60 28 65 12 53 85 36 77
TEST 90 ARG:20 69 57 91 28 32 64 77 54 97 78 2 13 87 70 88 21 73 81 39 65 98 52 0 82 1 15 35 55 89 37 25 99 29 38 10 31 27 93 30 75 4 72 50 53 51 16 86 63 74 11 12 6 17 48 95 76 83 71 40 79 44 22 3 19 94 45 36 60 61 5 24 80 85 59 96 90 62 56 66 33 18 23 26 42 58 67 68 92 41 47 43 7 8 49 9 34 14 46 84
TEST 91 ARG:87 1 24 62 57 70 13 39 51 44 91 83 11 12 9 38 56 85 67 26 19 88 72 31 94 20 0 4 95 64 90 36 81 74 80 43 99 17 8 73 68 22 86 54 78 29 92 15 97 75 89 34 47 2 58 65 42 10 40 82 59 45 46 77 84 50 71 98 79 61 37 96 32 52 66 49 18 14 69 53 3 60 23 55 41 16 6 25 27 35 48 33 76 93 7 63 5 30 28 21
TEST 92 ARG:41 22 84 71 12 5 1 59 94 49 83 0 66 81 48 50 87 29 96 86 17 55 4 98 40 93 78 45 25 3 32 61 42 95 14 37 33 24 97 69 2 77 35 11 57 51 70 31 20 60 65 38 82 16 9 13 10 21 68 75 63 47 36 89 7 64 52 88 56 73 46 26 8 18 19 76 79 91 28 80 30 27 67 44 23 34 39 53 43 99 90 58 72 62 85 54 74 92 15 6
TEST 93 ARG:43 29 67 95 70 89 13 66 27 10 71 46 72 73 96 93 92 98 50 84 63 0 25 77 56 79 5 59 61 86 97 76 65 36 85 9 64 34 22 69 6 11 26 20 16 99 41 54 17 74 78 23 4 51 80 12 49 40 83 68 38 1 58 75 42 91 55 33 47 94 14 52 39 32 19 7 82 88 62 18 48 8 28 44 21 81 24 90 57 53 60 15 45 87 35 37 31 30 2 3
TEST 94 ARG:17 11 26 59 54 93 9 47 76 83 56 50 3 23 58 65 43 63 49 69 39 28 21 22 91 84 68 7 32 4 13 66 42 77 18 57 64 2 5 60 35 85 51 27 74 75 99 46 95 55 37 24 81 88 38 62 92 73 6 97 86 44 25 45 82 0 31 98 14 80 71 8 20 15 87 94 1 67 33 90 10 70 41 78 53 89 30 36 48 29 79 12 72 61 96 16 34 19 40 52
TEST 95 ARG:20 56 9 76 77 30 41 63 40 69 7 80 82 45 52 34 10 75 79 61 12 86 97 83 31 13 6 72 11 17 1 26 37 57 85 49 36 88 21 62 39 92 43 4 90 14 89 23 3 22 99 78 58 91 64 42 74 70 81 5 24 50 55 35 0 8 65 38 27 73 47 18 95 93 48 29 44 60 33 46 51 2 28 32 96 71 94 59 66 16 67 87 25 53 98 68 54 19 84 15
TEST 96 ARG:65 7 92 33 2 89 87 9 91 72 15 81 4 13 10 36 86 60 75 16 78 88 64 94 74 26 66 98 21 62 34 69 1 99 30 50 93 82 28 80 24 39 97 56 5 31 51 11 40 37 96 90 55 59 25 3 42 95 8 27 83 45 84 68 17 48 70 85 54 77 49 19 44 76 63 23 61 35 79 22 57 47 20 0 53 38 52 73 43 58 71 46 67 18 14 29 32 12 6 41
TEST 97 ARG:13 96 71 98 93 66 70 88 58 2 27 75 23 82 90 79 30 20 67 84 14 85 25 89 61 56 94 17 74 57 91 54 3 83 6 44 34 92 40 95 62 10 51 45 72 69 12 68 47 9 43 46 15 0 78 39 35 36 81 31 26 42 41 22 59 64 80 86 37 52 7 33 99 49 73 21 19 32 1 53 87 77 16 97 55 28 38 60 24 76 11 48 29 65 8 50 63 18 5 4
TEST 98 ARG:37 27 6 51 5 49 76 52 84 32 55 0 56 94 62 77 78 96 4 53 9 31 35 22 57 2 3 26 50 45 42 16 41 70 92 80 34 86 48 67 1 58 28 44 14 89 61 8 47 68 81 38 85 90 25 36 99 43 98 79 21 69 24 7 40 18 82 15 11 12 29 60 97 75 88 23 30 20 72 13 83 10 73 71 63 54 19 66 93 91 46 39 87 64 74 17 95 33 59 65
TEST 99 ARG:62 8 28 63 15 9 27 51 74 72 75 6 11 55 64 49 70 56 7 87 65 79 68 94 22 16 19 91 48 71 69 3 97 41 83 59 96 57 80 81 84 25 78 24 66 53 34 17 42 52 18 93 35 10 40 50 82 39 54 90 20 2 77 31 98 12 23 32 14 73 30 4 43 5 45 92 58 61 85 21 95 67 47 1 46 44 26 0 60 37 99 13 76 29 33 38 88 36 89 86
TEST 100 ARG:84 60 50 61 45 83 77 81 41 90 53 22 9 62 42 67 10 93 49 95 71 99 89 6 54 2 12 64 70 3 44 48 75 80 18 35 76 15 52 30 11 63 16 40 37 31 59 82 1 28 43 51 27 91 13 85 20 88 66 32 5 0 69 72 97 38 14 7 19 92 98 8 57 21 94 55 79 26 47 29 74 34 33 73 56 46 39 78 17 24 87 96 25 23 68 4 36 86 58 65
TEST 101 ARG:88 65 77 22 26 17 50 57 16 32 19 58 5 95 74 87 86 54 12 0 92 45 60 36 97 46 38 4 41 11 53 10 89 3 39 1 90 7 27 78 62 80 24 73 14 63 93 40 82 76 67 56 75 8 21 68 47 35 94 2 91 6 59 25 64 13 71 96 79 20 98 29 99 33 49 44 84 69 31 70 28 15 72 9 66 43 51 30 55 81 37 61 85 34 83 23 52 18 42 48
TEST 102 ARG:70 48 87 25 37 15 31 61 14 12 16 65 35 57 63 67 49 47 91 4 55 80 84 30 6 39 32 23 2 45 29 43 38 81 83 56 92 96 58 42 20 86 79 41 34 46 78 75 11 3 59 22 27 77 8 66 51 88 54 44 17 33 73 26 18 53 5 95 21 90 68 36 99 71 64 50 13 72 98 89 40 1 60 28 62 19 9 69 97 82 94 24 7 74 85 10 93 76 0 52
TEST 103 ARG:31 69 75 6 52 97 35 61 15 95 10 93 18 56 44 37 54 86 72 24 85 14 68 65 42 58 4 8 40 67 94 90 17 1 70 39 33 0 98 26 11 59 36 47 41 13 45 5 12 25 96 74 77 28 88 7 57 89 82 20 80 71 83 84 60 76 64 87 99 2 34 30 50 32 51 92 73 55 66 16 79 29 9 27 53 23 63 46 22 78 49 19 38 81 21 91 43 62 3 48
TEST 104 ARG:73 71 90 17 3 24 28 19 81 72 46 77 44 58 99 87 85 54 7 12 67 55 82 11 10 53 80 32 29 43 64 62 36 8 98 16 23 30 79 91 76 65 39 48 89 35 97 47 27 31 49 14 50 95 4 20 18 75 22 51 57 88 26 38 9 34 63 60 86 41 5 68 33 93 83 13 37 61 74 2 52 1 59 45 69 94 15 84 21 25 42 40 96 78 66 56 92 0 6 70
TEST 105 ARG:37 90 72 6 17 73 56 69 94 80 97 29 75 5 83 64 42 2 65 44 9 31 28 41 39 60 79 22 13 20 87 63 51 26 74 36 55 61 85 45 84 99 8 81 92 47 34 98 57 12 3 66 43 68 11 32 77 15 67 86 19 48 14 59 46 58 52 78 70 35 0 54 10 33 62 49 30 50 1 18 91 53 88 38 16 95 27 93 71 89 82 7 40 76 96 23 4 24 25 21
TEST 106 ARG:63 62 39 75 5 6 97 12 98 48 82 20 52 57 72 73 3 71 26 43 87 92 77 96 25 47 35 8 15 7 37 61 83 65 40 90 18 89 56 50 41 91 58 66 55 21 31 38 33 10 74 88 24 78 32 19 29 17 4 46 59 27 79 70 81 34 36 64 95 9 1 86 85 44 54 67 45 93 68 22 99 69 94 80 51 13 84 2 76 30 23 14 53 16 11 60 28 49 42 0
TEST 107 ARG:16 94 66 39 29 20 96 77 98 41 13 40 1 47 19 5 69 3 99 46 55 36 7 26 48 63 23 65 37 24 81 6 17 88 73 44 33 67 50 75 68 76 82 9 4 21 80 15 93 61 10 95 2 27 54 34 89 79 12 25 32 84 60 92 31 85 59 49 71 42 86 22 30 78 0 91 43 83 62 90 28 14 11 72 87 64 70 53 45 38 18 57 35 58 97 56 52 51 74 8
TEST 108 ARG:72 11 36 87 1 97 3 60 12 35 54 92 39 61 53 9 88 93 55 71 51 50 17 46 13 78 34 2 14 5 20 66 52 81 49 8 37 65 26 47 27 23 62 58 16 4 96 38 56 77 22 79 15 45 76 75 33 19 64 29 41 48 94 6 85 25 98 86 68 90 57 67 80 32 84 99 89 83 73 7 95 0 63 43 18 31 82 24 30 59 74 10 70 42 28 44 40 21 91 69
TEST 109 ARG:73 79 72 69 35 5 17 4 92 23 88 50 14 95 37 7 51 2 52 64 75 60 57 47 61 93 36 68 89 80 62 44 59 6 32 21 8 53 82 13 54 63 66 46 77 34 81 58 9 48 86 94 12 90 11 24 55 78 49 16 45 18 3 56 20 26 70 40 39 38 71 65 28 98 29 91 27 31 30 76 15 22 87 84 43 99 74 0 41 67 85 42 10 1 97 83 96 33 19 25
TEST 110 ARG:89 1 3 63 77 94 7 21 47 66 18 74 50 0 43 25 51 45 75 4 93 92 16 31 37 38 86 32 8 48 67 68 24 6 11 29 65 14 15 46 76 69 54 27 56 13 34 30 80 20 84 95 53 88 72 57 58 9 98 42 60 41 64 91 28 87 90 55 79 81 5 73 2 22 61 39 85 10 33 40 78 49 70 26 62 97 12 99 52 23 44 71 82 35 19 17 96 36 59 83
TEST 111 ARG:22 83 94 50 64 55 38 6 41 20 23 95 68 72 52 77 33 98 11 60 29 12 93 8 21 78 57 69 7 14 16 31 2 26 85 42 84 99 48 1 10 62 54 88 35 91 70 63 45 67 51 59 39 36 66 49 86 73 47 75 80 53 79 44 56 90 82 9 5 89 30 65 87 96 58 4 81 46 28 13 71 24 43 40 0 18 15 25 61 74 34 32 97 76 17 19 92 3 37 27
TEST 112 ARG:75 64 18 37 98 85 71 36 16 42 58 5 65 28 7 94 23 86 99 12 6 96 3 72 41 26 53 51 30 13 74 57 55 81 14 21 78 56 88 60 54 32 77 43 22 2 93 39 1 83 69 70 44 0 33 84 91 19 29 50 20 45 68 80 27 10 79 82 97 61 47 63 40 73 46 48 92 17 95 89 8 59 25 76 34 11 62 24 35 38 15 87 9 4 31 90 52 66 67 49
TEST 113 ARG:81 95 79 85 10 40 7 60 31 83 21 88 62 77 66 32 54 96 22 71 99 63 90 19 38 26 24 43 12 35 27 67 37 34 5 11 42 72 73 53 6 47 8 15 80 44 82 76 91 16 61 59 52 4 98 36 45 56 65 55 68 94 0 39 75 23 87 74 9 46 58 17 25 1 70 78 93 49 57 28 64 89 29 86 41 51 84 3 69 48 14 2 13 97 18 50 30 33 20 92
TEST 114 ARG:29 7 93 90 54 99 23 91 82 97 21 30 32 31 18 39 44 79 11 61 75 58 48 66 9 47 26 15 88 41 16 38 83 12 55 60 25 22 35 8 40 2 20 49 24 78 67 14 27 5 77 36 52 72 70 94 50 6 62 19 71 68 28 85 0 34 51 46 59 65 76 89 69 95 56 57 33 4 87 37 43 96 86 63 84 98 13 1 42 80 53 3 45 73 64 92 81 74 17 10
TEST 115 ARG:93 99 62 91 87 59 48 46 60 47 76 51 14 43 77 88 5 92 29 72 15 78 13 3 2 53 0 38 9 74 40 22 82 57 67 7 44 80 37 83 65 49 52 69 16 94 4 1 70 97 41 17 28 19 34 11 33 79 66 36 10 90 20 50 75 85 12 32 39 23 30 89 8 31 25 96 26 54 71 35 18 27 45 64 55 68 63 58 95 21 98 86 56 24 84 61 81 6 73 42
TEST 116 ARG:49 78 90 52 41 65 56 55 36 44 93 33 80 46 92 1 89 57 17 32 66 37 26 5 19 82 21 23 54 72 73 99 77 68 14 0 10 27 6 59 61 58 30 4 76 83 88 2 24 91 29 71 38 39 22 47 48 74 70 50 7 34 8 40 35 16 69 81 11 64 28 79 42 98 25 12 13 43 67 51 60 31 75 85 62 20 87 9 53 94 3 84 86 15 45 95 18 63 96 97
TEST 117 ARG:36 25 90 11 72 9 38 89 14 12 85 59 84 53 57 21 94 3 7 37 8 69 47 2 77 93 19 54 99 91 20 4 76 82 87 79 98 74 83 92 88 27 56 52 35 6 70 18 30 17 29 64 50 44 80 26 55 97 60 40 39 66 31 58 34 33 61 45 49 22 0 96 23 71 48 24 62 28 51 81 1 41 13 5 65 75 43 42 73 46 86 10 63 68 95 15 16 78 67 32
TEST 118 ARG:0 49 9 1 74 83 37 44 43 29 81 41 73 86 3 77 10 69 64 56 76 5 70 23 80 85 12 47 45 13 84 46 19 98 55 68 22 8 38 94 87 67 71 90 66 6 99 14 28 96 57 15 89 26 59 33 32 65 95 31 58 11 35 72 42 36 17 63 24 53 52 54 82 97 61 88 79 30 18 16 4 25 78 93 20 92 39 62 50 27 7 51 75 60 21 34 40 48 2 91
TEST 119 ARG:76 20 27 13 90 91 53 38 73 64 70 2 33 89 21 52 42 49 22 80 75 71 48 16 39 5 63 92 83 11 72 59 57 25 77 46 40 51 3 29 93 55 60 9 82 98 4 10 87 12 47 84 24 28 79 61 95 19 14 37 58 97 15 45 41 32 30 8 26 7 74 88 62 94 50 99 66 6 56 17 96 68 43 86 1 54 31 34 36 44 85 0 69 78 81 65 23 18 35 67
TEST 120 ARG:22 27 61 90 55 33 66 76 20 37 28 97 65 34 80 58 43 0 25 49 71 5 73 85 21 96 30 72 77 64 83 48 26 69 70 50 68 35 81 14 17 84 38 8 59 11 4 44 82 74 78 36 15 40 29 16 45 57 56 62 89 42 87 99 39 7 51 88 24 79 31 52 60 63 67 86 47 53 13 93 94 1 92 10 23 2 3 18 9 75 95 19 12 54 41 6 32 91 46 98
TEST 121 ARG:26 13 23 22 95 52 7 93 32 38 85 37 90 30 1 91 5 12 66 4 25 20 49 50 58 15 55 54 87 53 62 73 43 78 72 92 65 70 86 33 44 0 89 97 98 24 45 94 29 8 31 64 28 96 74 17 36 47 88 77 71 9 41 40 57 10 16 68 48 80 3 39 83 82 60 56 46 35 67 99 69 59 2 63 51 84 14 75 27 19 79 34 76 21 11 42 81 18 61 6
TEST 122 ARG:46 76 54 82 48 55 58 83 18 0 42 87 91 8 32 73 44 20 47 31 28 9 74 6 35 5 53 26 37 88 66 51 77 57 63 60 56 59 23 38 95 4 39 36 40 90 49 19 21 86 85 22 29 64 70 99 52 93 15 79 65 2 17 69 43 10 72 27 3 12 75 50 61 96 62 13 1 11 45 68 81 71 25 24 16 97 94 92 34 33 80 30 84 78 89 14 67 7 98 41
TEST 123 ARG:57 88 32 70 45 13 24 29 40 22 4 6 19 14 36 83 33 48 73 86 69 43 2 82 17 91 44 3 98 37 20 46 12 21 47 78 7 28 15 77 41 62 31 59 51 94 23 10 63 93 56 96 97 53 84 85 95 38 71 80 50 42 67 92 68 74 61 58 34 55 81 18 49 1 90 8 99 79 16 9 76 75 72 26 64 39 52 27 65 30 89 87 11 66 35 25 54 60 5 0
TEST 124 ARG:35 1 8 23 63 40 80 66 92 52 31 73 49 3 42 90 44 2 34 48 38 10 86 37 93 47 5 11 24 98 87 91 70 68 13 4 25 17 55 45 19 79 95 78 61 65 77 36 18 27 32 64 60 20 59 16 39 81 96 83 41 9 85 28 88 12 67 30 71 75 82 56 54 72 33 50 26 43 97 58 84 51 69 21 62 22 7 53 76 46 29 6 99 74 14 89 15 57 94 0
TEST 125 ARG:33 58 45 14 17 40 37 60 48 16 98 97 68 91 82 86 79 66 83 71 26 5 12 69 75 3 20 93 78 88 56 15 36 99 57 81 38 6 53 39 50 22 55 52 8 19 61 34 32 74 43 72 67 76 46 9 85 10 30 23 13 0 96 70 29 95 63 44 49 11 42 94 80 25 87 65 59 89 1 28 27 21 7 84 73 18 92 77 54 31 24 2 41 64 90 47 35 62 51 4
TEST 126 ARG:73 12 67 47 36 66 61 1 99 35 56 21 91 62 93 2 19 87 52 95 37 45 43 60 22 69 64 57 55 9 14 59 39 80 90 33 32 97 25 17 0 23 96 89 13 40 27 53 71 16 44 58 74 11 24 41 54 86 48 26 77 81 8 30 84 10 31 65 5 63 88 6 68 94 75 29 20 83 98 79 92 7 78 76 42 15 4 18 46 51 34 85 70 50 3 72 28 38 82 49
TEST 127 ARG:0 73 38 74 28 21 23 80 9 63 89 26 75 29 13 10 68 82 99 70 45 92 64 81 69 59 95 16 48 1 12 54 47 55 32 20 86 7 51 4 72 46 31 52 90 85 22 56 27 18 97 2 15 65 77 93 35 61 58 50 44 60 17 79 14 5 25 41 49 30 84 94 33 57 24 40 96 91 11 42 87 34 71 43 37 83 19 67 6 88 36 8 66 3 39 62 98 78 76 53
TEST 128 ARG:74 7 90 86 92 22 76 19 98 26 34 62 40 57 49 17 75 83 43 38 0 47 30 46 14 78 97 77 1 65 89 8 44 63 13 48 41 69 5 91 87 16 9 12 96 15 70 85 23 2 68 71 6 60 45 20 99 39 24 72 56 93 59 94 18 82 81 66 29 4 55 84 58 32 21 88 37 27 54 79 73 53 52 3 11 67 80 64 25 51 50 28 10 42 61 36 35 95 31 33
TEST 129 ARG:49 8 23 68 82 73 2 30 70 98 66 9 85 39 64 62 47 12 21 79 59 54 89 86 3 58 51 17 19 16 77 67 69 72 11 43 4 24 97 40 38 87 32 31 81 1 15 78 25 52 53 63 44 95 6 26 96 75 91 42 94 74 33 76 7 90 13 65 20 92 0 71 80 84 5 45 28 56 18 14 22 10 48 46 93 88 60 41 27 36 37 57 34 50 99 29 83 55 35 61
TEST 130 ARG:51 88 89 27 64 23 91 34 1 70 67 73 17 35 47 72 66 20 16 30 7 48 43 80 56 29 78 46 45 98 33 61 96 75 44 2 65 83 90 9 39 69 13 10 8 5 63 15 6 25 99 60 79 54 26 55 59 4 95 71 24 84 41 57 18 32 50 82 62 86 31 93 40 76 21 92 3 0 38 85 14 58 19 22 12 81 97 74 37 77 53 94 68 52 28 36 42 11 87 49
TEST 131 ARG:65 35 19 86 96 63 58 4 70 78 57 16 87 73 25 69 15 53 8 24 26 49 22 31 42 72 36 81 50 99 91 83 84 33 47 27 88 43 21 2 76 79 82 37 10 1 7 71 14 52 64 9 40 61 93 67 13 56 32 30 80 5 6 17 59 18 28 38 68 11 95 23 45 39 89 54 66 55 51 85 92 90 46 74 97 34 29 77 0 48 44 98 41 20 62 12 94 75 60 3
TEST 132 ARG:62 1 99 30 76 21 13 46 45 97 10 53 91 71 8 69 68 49 14 7 6 24 67 42 78 26 32 85 12 80 0 58 4 3 64 29 73 65 61 82 87 48 38 84 51 19 77 5 56 88 93 92 35 66 41 70 50 39 89 34 75 54 81 16 28 40 33 11 86 52 9 74 27 18 94 55 36 59 57 98 79 95 15 37 20 72 90 44 83 17 43 63 96 25 47 22 60 2 23 31
TEST 133 ARG:68 53 83 73 45 92 85 99 2 72 55 35 70 25 52 40 91 82 62 75 71 13 46 1 6 36 34 18 84 74 48 41 60 86 21 39 12 95 26 7 16 50 54 51 76 19 29 9 42 94 30 97 11 20 79 66 61 47 28 33 90 37 93 44 5 63 10 96 23 78 88 81 3 69 59 49 31 24 15 57 14 77 98 43 67 80 27 0 38 58 56 64 4 65 32 87 22 8 17 89
TEST 134 ARG:65 78 44 8 93 49 97 84 94 68 26 90 25 70 21 40 11 88 48 34 99 37 17 45 16 95 61 1 9 71 7 10 69 28 62 57 91 23 89 67 5 80 85 27 43 87 72 18 41 32 15 74 30 86 3 75 20 52 73 12 63 82 96 98 36 42 35 33 31 47 66 64 2 6 56 76 77 24 53 60 0 54 83 81 29 79 38 51 46 55 50 4 14 58 92 59 22 13 19 39
TEST 135 ARG:22 32 19 59 7 47 15 20 26 74 14 57 50 11 39 42 84 78 2 73 0 49 81 28 31 53 21 89 85 33 27 46 3 48 52 97 90 64 17 6 45 5 29 93 75 55 88 87 23 13 79 80 51 91 71 24 63 67 18 82 98 38 1 66 44 76 41 62 12 35 72 40 9 77 58 16 43 56 99 61 94 70 10 37 95 25 86 8 65 54 30 69 4 34 68 83 96 36 92 60
TEST 136 ARG:58 73 67 10 79 38 75 70 53 37 87 35 12 48 60 83 17 13 61 52 9 56 19 46 0 26 82 65 6 85 84 71 25 92 43 34 42 91 90 21 55 57 94 7 88 32 16 93 86 95 29 89 68 22 98 78 50 49 30 72 41 47 31 23 27 28 81 51 36 39 8 15 44 80 40 76 4 18 33 1 74 63 77 97 62 64 2 3 45 5 59 69 14 66 11 96 99 24 54 20
TEST 137 ARG:84 77 57 35 42 71 14 81 85 43 28 69 26 23 29 80 44 2 34 12 16 60 46 50 86 91 45 33 38 59 82 98 3 56 22 83 8 92 67 19 95 89 90 66 47 51 72 93 31 74 9 6 94 58 97 79 62 15 21 0 27 36 99 40 61 17 20 73 52 7 5 54 30 87 55 75 11 25 13 53 4 10 63 37 65 41 96 76 70 88 32 18 49 24 48 68 1 78 64 39
TEST 138 ARG:51 6 47 93 30 3 18 13 58 82 2 70 42 95 54 36 27 77 50 84 63 43 23 88 53 49 11 22 62 4 68 40 33 92 12 66 67 83 34 48 78 57 75 81 73 29 24 1 38 61 46 19 59 31 0 7 69 85 39 17 52 28 97 5 99 25 60 41 94 16 65 90 56 35 80 74 9 44 32 14 71 87 8 20 64 72 96 45 55 91 79 98 15 21 86 10 26 37 89 76
TEST 139 ARG:22 58 90 27 70 61 16 33 47 53 84 78 49 12 52 31 35 29 23 5 34 20 40 14 75 32 10 91 11 3 74 97 67 21 99 43 73 93 17 79 87 65 2 38 30 68 57 41 69 39 76 60 86 94 45 36 54 56 71 24 15 64 0 8 37 28 18 7 82 9 62 25 46 42 98 4 44 55 88 19 59 13 95 85 80 6 72 81 1 96 66 26 51 83 48 63 50 89 92 77
TEST 140 ARG:54 26 71 18 98 65 68 85 79 32 78 52 3 43 7 70 86 48 0 20 73 44 90 29 95 37 11 92 75 31 58 28 51 82 47 56 69 77 6 96 80 53 74 12 72 10 61 93 42 2 24 50 60 94 84 40 91 27 39 66 21 4 55 57 76 59 41 19 22 88 23 83 45 36 89 16 17 38 34 62 46 49 33 35 25 15 81 9 99 87 64 97 63 8 5 13 14 67 30 1
TEST 141 ARG:5 87 75 32 39 2 69 1 44 4 26 99 15 93 49 34 14 52 40 51 41 71 80 8 17 73 94 36 96 60 58 10 91 63 70 68 24 76 3 12 97 78 28 72 42 57 43 59 20 62 55 98 35 89 38 90 19 16 74 45 88 46 64 18 33 0 21 95 25 9 11 77 83 29 13 22 48 82 61 31 47 65 79 54 85 27 84 86 67 53 37 56 81 30 66 50 92 6 7 23
TEST 142 ARG:1 14 90 28 76 27 68 24 22 54 37 55 16 44 73 79 8 25 94 29 64 40 65 99 60 32 34 83 69 46 86 57 67 36 85 77 71 93 42 18 95 13 81 10 39 12 48 47 97 56 98 2 43 38 7 66 82 41 58 78 50 96 61 88 63 0 74 31 59 92 62 19 6 15 75 52 23 4 45 80 72 9 49 87 33 20 21 11 3 89 26 84 70 51 91 17 30 53 5 35
TEST 143 ARG:73 32 31 60 96 94 38 76 22 61 56 78 5 86 47 42 12 70 10 90 63 52 13 43 71 92 19 57 7 39 55 41 9 34 81 88 54 53 16 74 93 36 3 46 82 59 14 75 80 58 0 35 62 68 45 29 95 67 15 17 85 91 27 11 64 66 79 25 37 97 77 28 98 51 89 1 6 21 24 20 83 99 72 84 44 33 65 30 18 8 4 40 23 87 49 69 50 48 2 26
TEST 144 ARG:46 47 35 74 55 36 49 10 64 51 29 48 25 94 57 8 77 54 65 6 84 14 50 52 38 56 18 88 43 79 96 95 73 87 44 67 30 34 53 75 92 15 11 40 76 20 91 58 4 33 27 69 90 81 17 3 59 0 62 31 12 1 66 24 23 86 93 70 45 89 97 72 16 82 83 13 78 80 41 68 39 32 26 19 2 98 9 63 21 5 61 85 60 37 28 22 42 99 71 7
TEST 145 ARG:6 70 87 38 73 32 84 42 63 19 55 99 74 13 91 57 89 75 30 53 65 67 85 64 20 82 29 86 31 98 39 72 8 77 44 16 79 26 37 66 11 97 12 50 17 95 93 94 0 40 71 76 60 4 27 33 18 48 69 21 90 7 9 24 61 5 10 25 22 14 1 43 78 81 23 68 92 96 56 80 49 41 28 62 34 45 51 36 59 52 58 83 88 2 46 3 54 47 35 15
TEST 146 ARG:11 42 16 87 31 17 72 45 27 33 36 48 98 29 21 57 3 94 74 4 13 88 65 85 34 44 28 9 80 19 12 0 79 92 20 59 70 99 49 75 30 67 40 32 51 47 82 8 60 93 61 86 69 83 56 66 73 97 25 90 76 10 26 62 81 55 1 64 89 35 6 77 43 23 58 91 63 39 15 7 38 50 18 22 24 68 37 53 5 96 95 46 2 84 71 41 54 52 14 78
TEST 147 ARG:77 19 63 24 86 12 53 6 91 33 37 15 31 21 94 26 11 23 67 40 42 75 46 97 55 81 5 30 14 35 71 57 49 32 69 90 70 1 25 44 72 99 74 8 79 36 50 83 98 66 61 20 58 2 41 7 51 39 17 82 78 34 29 95 76 65 0 62 60 4 89 93 18 48 85 56 38 9 28 80 45 22 64 54 13 87 92 47 84 27 10 73 3 52 68 88 96 59 43 16
TEST 148 ARG:86 45 63 82 74 7 72 6 97 73 27 3 87 43 56 21 50 33 8 90 46 57 26 41 4 85 66 84 94 29 93 12 78 5 76 19 71 62 16 92 10 55 64 9 31 18 44 38 54 11 88 67 48 69 65 58 32 77 36 20 61 89 70 13 80 81 14 23 68 96 91 53 59 42 52 49 83 39 51 0 22 60 99 1 98 35 24 28 34 75 47 95 25 2 79 15 30 17 37 40
TEST 149 ARG:64 2 98 72 17 35 73 56 13 15 49 45 68 70 55 33 84 60 29 61 54 12 18 93 46 43 41 90 20 16 28 83 94 19 66 65 25 82 53 57 6 5 77 14 96 71 31 22 8 37 21 34 67 7 51 3 36 47 30 0 48 1 42 92 87 26 59 74 44 69 88 52 86 95 40 99 27 23 78 58 11 32 38 24 97 89 62 81 50 75 80 10 4 63 79 85 39 9 76 91
TEST 150 ARG:4 85 39 89 68 53 9 55 96 31 70 71 83 35 77 52 91 47 73 92 82 98 24 10 21 67 44 12 2 64 26 19 74 87 97 95 29 42 65 48 5 56 20 23 27 94 41 32 66 3 99 51 61 80 60 7 33 34 6 90 17 93 84 22 79 69 15 72 86 57 54 75 8 36 40 81 28 76 43 62 59 30 13 63 25 46 88 45 18 78 16 58 50 37 0 38 1 14 49 11
TEST 151 ARG:49 94 12 56 34 20 85 14 86 37 63 78 4 10 1 93 61 62 22 92 89 8 28 57 58 65 2 77 7 38 9 24 51 6 41 19 40 68 32 82 5 76 27 67 80 26 64 29 95 30 96 42 84 53 3 45 71 35 81 52 44 18 88 99 36 73 90 55 21 74 60 66 48 59 46 11 25 87 43 50 97 70 13 91 98 39 72 79 47 0 16 17 33 54 31 75 15 23 69 83
TEST 152 ARG:17 49 56 42 64 32 89 28 45 77 41 14 39 85 86 62 36 2 79 63 10 34 47 19 55 16 92 8 96 78 31 90 5 82 83 61 95 67 23 1 48 98 43 21 7 74 71 68 59 99 27 44 22 87 70 52 13 25 3 20 80 66 97 0 57 60 54 93 88 50 65 72 29 18 26 6 81 73 37 69 12 91 76 58 15 24 9 30 40 38 46 33 84 94 35 53 11 51 75 4
TEST 153 ARG:51 59 9 37 28 55 73 6 47 41 78 88 99 33 65 31 66 13 96 44 83 98 20 80 89 70 82 49 24 54 18 92 94 15 48 26 57 16 1 35 8 95 5 60 46 74 67 23 10 21 7 93 76 19 4 61 34 63 68 85 25 39 81 77 75 22 58 2 52 90 50 42 56 12 69 27 71 91 84 32 38 45 53 17 79 14 29 40 43 36 87 72 0 30 62 3 64 11 86 97
TEST 154 ARG:40 50 39 15 88 23 35 17 18 6 53 20 78 89 56 59 77 73 66 85 43 99 1 25 67 52 91 8 28 26 2 49 37 22 5 54 79 0 44 29 72 38 33 31 34 74 86 80 11 12 69 75 9 30 60 7 62 3 63 36 45 4 13 65 61 94 47 55 92 41 21 93 42 90 24 68 57 87 95 98 71 64 81 19 46 16 70 97 84 96 48 58 14 82 76 32 10 83 51 27
TEST 155 ARG:25 18 3 23 65 8 16 92 95 89 17 33 52 26 20 86 85 50 58 28 77 27 49 53 47 9 81 38 12 48 67 36 7 51 69 30 93 62 21 59 2 45 57 74 72 94 60 73 32 43 88 44 46 42 4 80 11 71 96 68 15 78 1 14 83 54 22 84 66 99 41 98 5 64 82 31 63 87 35 91 13 29 55 75 76 39 10 70 79 40 0 90 24 37 61 6 34 56 97 19
TEST 156 ARG:52 15 84 83 12 93 54 74 8 90 30 89 3 67 13 20 86 97 68 81 19 98 82 57 6 14 17 10 75 61 42 29 21 62 23 28 72 16 63 7 46 55 99 80 39 40 53 58 35 44 87 91 37 27 26 0 18 38 96 66 34 22 85 25 88 45 64 2 41 31 95 94 1 24 69 59 65 33 5 50 11 56 48 77 36 78 70 51 32 71 49 4 9 43 79 60 47 73 92 76
TEST 157 ARG:85 35 3 27 77 70 68 76 9 49 5 20 4 80 25 28 41 78 40 84 18 74 47 36 53 48 67 63 92 37 95 46 8 30 50 44 90 16 65 7 88 94 31 58 32 59 15 2 45 73 62 86 10 6 54 38 24 22 96 33 17 97 21 87 56 81 43 82 93 26 99 61 34 66 51 69 42 89 98 83 91 39 71 64 60 52 0 57 11 13 72 55 14 75 29 23 12 79 1 19
TEST 158 ARG:52 14 27 12 44 84 92 77 64 26 29 86 71 96 51 68 13 23 73 36 37 48 87 94 72 24 93 55 58 7 1 95 41 33 22 20 79 62 80 5 50 54 17 43 42 98 38 53 10 35 6 39 91 3 63 0 45 57 46 19 67 83 59 9 56 82 47 32 28 15 70 30 66 90 25 69 16 97 60 76 21 99 49 8 34 65 4 18 78 75 40 85 31 61 88 11 89 2 81 74
TEST 159 ARG:54 59 21 77 3 86 23 4 2 37 49 74 73 13 35 9 98 69 55 68 19 14 81 24 83 28 10 67 61 11 6 82 65 56 71 93 22 17 25 15 41 42 12 50 39 57 1 72 99 44 16 91 64 0 80 40 60 29 18 46 94 95 32 31 87 79 45 66 62 63 43 47 88 26 75 33 51 85 58 84 92 34 27 53 48 30 52 38 76 7 8 90 78 97 20 89 70 5 96 36
TEST 160 ARG:19 73 15 81 58 47 2 40 11 65 31 1 41 85 24 33 63 79 86 18 32 22 20 46 35 54 53 5 17 7 42 88 84 49 27 78 64 48 3 45 93 36 14 21 30 90 97 98 62 0 67 56 55 82 10 37 57 23 94 72 13 60 59 75 51 28 95 12 99 87 39 29 80 89 44 74 8 25 96 83 50 26 38 43 52 68 34 77 71 76 16 70 4 61 69 6 9 92 91 66
TEST 161 ARG:89 66 9 48 19 74 16 96 54 20 95 80 73 5 51 12 52 63 30 1 47 61 64 77 39 18 83 85 4 36 94 25 68 21 58 42 79 75 23 65 72 86 41 44 99 33 62 34 81 93 31 29 37 40 45 90 67 24 88 28 60 15 97 7 53 56 35 17 91 59 3 43 6 49 82 10 8 71 32 78 26 92 2 98 0 13 55 11 84 69 38 27 87 46 76 50 70 22 14 57
TEST 162 ARG:8 5 96 82 15 85 3 41 80 36 17 30 9 21 22 16 99 7 45 0 19 95 90 81 52 28 76 18 84 86 60 47 97 50 2 14 49 37 59 62 87 75 72 48 56 98 74 53 29 83 20 6 44 57 33 46 54 66 32 13 4 93 68 78 63 70 12 34 88 39 67 61 43 89 94 69 79 26 65 10 25 27 24 92 91 11 58 1 23 31 77 71 42 55 51 40 35 64 38 73
TEST 163 ARG:68 20 81 30 33 2 79 80 31 11 57 42 39 24 12 72 3 13 23 19 70 88 25 92 95 4 51 99 74 18 26 56 35 46 49 0 77 61 44 60 32 87 65 53 38 47 97 16 89 8 9 93 54 76 22 1 17 71 52 5 10 14 28 37 86 43 83 59 85 50 29 63 15 69 94 78 73 6 82 58 7 55 96 34 84 64 67 48 75 27 40 41 36 66 62 90 98 21 91 45
TEST 164 ARG:27 10 12 61 36 78 2 34 70 37 3 77 59 25 57 96 42 69 58 33 14 93 32 23 71 68 22 65 63 91 5 19 39 74 13 92 99 67 79 81 21 50 35 30 53 44 4 84 76 83 85 20 1 9 28 75 89 38 8 88 46 60 72 95 11 45 47 48 51 24 54 41 98 52 55 0 97 49 82 31 29 18 66 64 73 43 6 16 40 26 94 17 15 86 7 90 56 62 87 80
TEST 165 ARG:68 77 29 78 24 66 43 35 85 63 6 96 76 97 95 41 86 0 73 10 17 9 42 61 55 22 45 89 28 13 40 7 12 14 36 65 15 80 91 3 2 64 16 94 20 44 98 39 59 70 72 90 53 4 19 37 25 92 34 84 81 93 5 60 8 33 67 32 52 74 18 82 48 49 1 23 57 21 26 54 79 75 11 88 31 27 62 99 69 46 58 87 47 71 56 30 38 50 83 51
TEST 166 ARG:43 38 78 20 37 68 54 47 61 84 65 53 64 94 13 16 91 27 5 1 26 36 34 58 28 39 2 8 33 87 89 92 67 12 60 10 14 85 21 4 46 25 96 69 98 88 56 44 82 51 22 9 93 97 24 57 35 7 17 3 40 62 71 6 23 81 11 31 72 52 63 45 86 18 50 83 42 95 19 32 0 48 99 79 75 77 30 55 66 15 70 74 29 73 59 80 49 76 90 41
TEST 167 ARG:0 11 77 45 59 26 19 76 84 35 74 33 78 67 57 8 85 3 70 12 37 94 49 86 64 96 92 72 1 90 27 55 51 14 58 43 52 32 44 71 39 73 30 15 28 23 48 66 53 56 50 79 93 89 17 20 61 82 38 60 6 99 97 31 40 54 29 18 10 16 22 36 98 63 80 41 87 25 46 47 69 62 13 24 91 21 34 83 4 95 42 9 2 88 81 5 7 68 65 75
TEST 168 ARG:0 33 26 35 91 5 61 2 11 28 63 67 66 46 13 23 48 58 79 44 32 40 38 84 97 18 15 4 71 56 3 82 16 85 72 30 89 98 64 50 99 80 74 59 19 17 54 9 65 31 41 93 1 24 81 60 75 43 22 57 39 42 27 8 69 95 21 29 51 55 14 25 45 62 6 92 96 86 47 76 77 12 73 70 87 53 10 90 83 78 88 52 20 49 68 34 36 37 94 7
TEST 169 ARG:14 27 26 8 55 38 23 60 15 93 40 88 89 32 59 90 64 79 0 70 21 10 28 72 4 35 68 77 82 9 17 18 30 67 3 52 11 85 61 74 36 44 41 12 19 71 7 73 62 81 91 24 54 6 31 33 95 98 63 96 45 46 37 99 65 57 20 43 48 87 49 13 83 78 92 94 80 5 1 50 97 34 51 29 53 39 86 16 69 42 56 75 47 58 66 76 2 84 25 22
TEST 170 ARG:65 68 6 1 36 83 86 4 0 75 3 71 46 70 29 90 99 18 85 16 56 84 20 58 55 19 80 25 96 62 22 44 91 98 43 40 87 45 50 51 5 82 73 57 67 11 59 10 79 54 23 32 27 88 49 42 92 39 33 12 64 48 93 97 77 69 30 81 37 9 13 2 35 24 17 8 31 52 34 53 76 61 74 7 21 15 63 47 28 14 89 94 60 41 72 26 78 38 66 95
TEST 171 ARG:16 71 2 49 82 83 32 65 76 77 63 67 8 45 72 38 87 12 59 55 64 44 47 51 86 29 93 13 22 62 17 3 20 96 48 15 24 30 56 74 0 58 91 85 28 99 23 79 37 73 53 81 57 75 21 66 11 42 52 61 4 31 92 6 19 1 9 46 34 39 70 98 43 35 95 18 68 36 27 84 78 60 5 14 88 94 7 25 97 10 54 33 26 90 89 69 80 40 41 50
TEST 172 ARG:83 77 39 16 5 85 87 90 27 0 74 18 70 80 97 13 29 92 4 73 76 81 43 42 98 79 44 45 51 7 86 30 71 6 14 89 41 37 20 99 94 62 2 15 47 11 75 57 33 21 84 36 38 88 72 63 54 66 60 96 19 52 1 24 58 12 56 65 48 31 82 69 50 61 35 64 95 32 91 23 9 53 49 22 93 26 40 78 34 10 8 68 3 28 67 55 17 59 46 25
TEST 173 ARG:69 61 37 10 72 93 83 78 18 30 57 90 16 47 40 31 35 4 48 27 91 7 86 76 88 53 75 25 64 50 1 0 89 92 52 9 67 20 84 39 41 99 87 73 82 5 19 63 56 51 70 17 43 95 24 58 3 46 15 96 80 54 62 65 81 71 98 94 97 74 36 60 28 42 11 38 44 85 23 12 55 6 8 26 59 13 21 79 33 66 68 45 49 29 2 14 32 22 77 34
TEST 174 ARG:57 76 5 27 84 32 33 15 10 44 55 17 94 98 59 3 37 1 80 51 35 53 41 36 92 21 97 46 66 47 50 29 73 52 18 20 24 9 87 30 83 72 22 71 67 93 7 34 19 16 65 4 74 25 40 77 23 69 58 96 26 75 11 42 48 0 78 6 28 31 39 8 99 61 14 86 81 70 88 13 64 85 45 82 49 89 90 54 62 68 12 38 56 43 91 95 60 2 79 63
TEST 175 ARG:99 71 69 92 29 82 43 15 31 38 36 84 96 50 57 78 1 24 18 33 12 32 63 27 34 49 65 5 13 45 54 79 52 10 47 97 8 91 64 94 67 59 61 88 37 66 39 17 51 58 95 80 77 72 35 55 87 11 98 73 25 20 9 22 40 62 19 76 60 90 89 86 16 83 4 74 53 75 2 0 3 6 81 7 26 44 46 56 23 68 85 93 28 70 14 41 21 42 30 48
TEST 176 ARG:33 9 67 64 82 88 17 23 4 26 25 92 53 39 8 24 47 50 79 31 78 2 49 3 36 69 16 71 94 73 32 28 68 11 89 41 5 1 60 77 98 43 90 13 70 45 48 99 40 22 44 10 12 97 29 66 35 46 37 20 61 76 63 95 57 27 7 65 58 93 0 52 72 84 42 34 96 54 87 19 75 15 56 51 30 81 62 85 6 86 38 83 91 80 21 14 59 74 55 18
TEST 177 ARG:3 97 92 28 81 43 80 69 78 76 40 77 63 66 14 71 95 38 25 41 24 31 57 23 26 96 45 19 39 68 27 36 18 37 34 85 67 50 55 17 20 94 44 32 60 16 15 75 72 73 84 13 59 1 33 51 5 82 70 49 65 47 98 83 87 29 35 42 22 62 12 9 79 89 7 52 53 93 88 21 61 30 86 54 48 11 56 8 2 90 64 10 0 6 91 4 74 99 58 46
TEST 178 ARG:48 14 66 51 26 25 34 55 70 64 92 77 1 95 74 40 90 61 18 83 97 10 21 5 63 27 98 89 65 67 4 32 24 75 85 58 31 46 36 20 22 17 33 53 93 41 76 23 72 99 30 78 59 71 73 91 57 52 68 39 79 86 11 47 2 37 44 62 28 54 45 49 15 9 43 3 80 0 84 12 87 81 38 94 69 60 7 19 13 50 88 96 16 82 6 42 35 29 8 56
TEST 179 ARG:26 76 42 32 81 70 49 25 2 19 33 41 63 16 97 9 12 10 4 5 55 46 24 93 85 98 95 43 83 87 39 53 13 22 78 50 77 56 84 75 54 90 82 51 73 88 71 91 72 6 89 34 23 18 48 65 57 92 29 47 3 30 67 14 21 31 36 28 80 64 35 58 45 27 15 11 8 74 66 99 0 59 62 20 38 86 69 94 52 96 61 1 17 44 7 37 68 40 79 60
TEST 180 ARG:85 56 62 5 93 43 60 35 41 79 57 94 28 98 70 99 88 65 10 33 91 8 42 22 63 92 95 76 67 50 24 69 52 13 49 30 66 87 27 12 7 68 71 82 0 64 73 19 40 23 97 1 55 80 59 83 17 37 72 47 38 96 89 16 90 78 53 18 54 26 15 14 32 21 51 3 81 44 31 2 39 58 46 20 36 11 29 77 34 61 45 48 74 6 86 9 4 75 84 25
TEST 181 ARG:74 11 70 38 3 67 94 56 22 72 4 48 50 99 91 23 44 83 19 17 20 46 14 18 81 35 29 78 59 90 2 45 30 68 84 6 37 47 27 98 41 34 76 97 69 87 93 9 55 61 39 80 85 58 10 40 92 21 1 62 54 31 96 65 79 71 73 15 16 66 13 24 26 25 82 28 12 5 0 57 43 33 7 63 75 8 51 32 53 89 49 88 36 52 86 42 64 60 95 77
TEST 182 ARG:56 77 41 6 5 32 13 89 36 40 49 73 30 25 2 3 42 18 58 8 45 46 4 51 97 37 66 7 33 94 39 35 91 99 28 98 43 95 59 57 62 53 87 82 54 78 50 60 86 17 20 9 34 38 10 15 88 92 67 64 76 31 27 72 19 61 24 90 81 84 22 29 1 44 74 79 12 26 70 47 11 52 71 63 93 68 69 65 55 21 83 96 0 14 16 48 23 85 75 80
TEST 183 ARG:27 82 76 96 38 66 61 51 17 45 49 63 46 40 39 15 89 74 68 84 2 8 35 19 10 48 32 59 81 60 62 85 20 29 50 78 11 26 23 90 69 47 99 65 86 93 64 75 55 58 98 5 7 1 87 97 79 14 37 52 33 83 30 42 92 43 91 70 77 13 0 21 67 44 94 25 71 31 4 34 57 54 24 18 80 22 12 3 56 53 73 72 95 36 6 9 88 41 28 16
TEST 184 ARG:95 35 1 45 30 4 87 77 19 69 71 85 28 75 34 83 51 78 96 40 94 65 76 64 15 52 24 14 25 54 84 79 0 72 90 29 18 43 91 50 66 46 73 67 32 59 88 3 48 56 68 60 22 80 9 27 81 92 31 8 7 53 6 55 11 21 16 13 39 20 36 5 57 38 49 42 93 33 44 10 23 74 37 2 82 17 41 99 70 47 62 97 89 61 98 86 26 12 58 63
TEST 185 ARG:25 20 79 15 13 57 32 68 11 99 16 62 43 69 29 55 76 93 70 36 64 41 39 37 31 80 1 3 78 84 77 82 63 47 7 45 87 0 61 65 27 40 2 83 46 94 44 54 34 5 73 58 49 42 90 22 19 17 14 38 21 72 35 33 9 12 91 66 6 60 48 67 52 24 81 86 97 30 23 4 96 28 88 92 26 50 51 71 85 8 95 56 53 18 98 10 75 59 74 89
TEST 186 ARG:64 97 34 16 88 46 52 10 78 62 73 15 24 69 79 19 29 18 59 35 4 49 74 86 13 87 32 85 70 20 33 50 39 83 63 66 82 57 14 58 27 72 96 61 48 28 8 56 54 11 51 71 6 22 93 9 89 37 91 44 36 0 41 81 30 76 92 45 5 55 68 99 90 38 67 47 95 40 65 75 42 12 26 94 25 53 43 3 84 7 21 31 1 17 80 98 23 2 77 60
TEST 187 ARG:63 0 49 14 59 65 66 44 64 40 38 16 4 8 47 7 34 62 97 77 10 22 15 90 17 11 98 21 27 6 25 89 42 1 88 35 3 70 12 84 58 32 78 71 50 55 79 92 48 75 13 68 37 18 72 23 43 91 93 81 29 41 94 33 95 39 86 57 31 19 60 83 36 30 69 24 96 53 74 28 46 82 52 45 5 2 9 51 99 85 76 20 80 61 56 54 26 73 87 67
TEST 188 ARG:26 53 36 67 60 7 5 39 88 45 30 74 76 6 71 92 72 51 23 85 38 47 84 9 46 95 32 17 22 43 3 77 34 54 83 86 41 21 97 93 35 68 63 70 75 80 61 62 56 78 98 89 28 15 40 8 44 37 12 42 50 94 27 31 16 66 58 18 73 29 4 2 64 90 65 59 14 1 99 19 10 79 49 11 13 52 24 96 25 55 91 33 0 81 82 20 69 48 57 87
TEST 189 ARG:67 28 4 21 64 78 3 47 80 82 1 25 45 17 31 92 56 95 83 61 79 73 2 68 86 77 52 87 48 0 23 9 37 91 60 70 24 72 8 34 26 16 22 66 33 59 74 81 18 85 65 76 19 29 93 10 51 53 89 35 63 96 75 88 38 5 54 41 36 11 13 46 50 49 97 62 55 14 84 42 6 20 7 90 57 44 39 32 58 40 30 71 43 12 94 27 99 98 69 15
TEST 190 ARG:27 98 8 87 97 91 10 16 63 55 67 18 47 65 32 20 22 83 34 49 58 76 99 15 21 77 84 48 3 29 51 9 39 54 36 78 50 61 1 14 12 57 6 0 95 73 46 68 82 53 60 88 35 75 33 23 72 44 41 71 17 80 42 2 90 28 66 37 89 52 92 4 69 11 38 13 7 62 74 59 26 96 19 24 5 79 45 85 94 81 40 86 31 25 64 43 93 30 70 56
TEST 191 ARG:92 94 42 5 39 13 0 52 16 53 66 40 25 43 18 8 23 67 81 88 75 36 86 54 57 4 95 60 61 47 46 49 34 55 31 12 26 29 7 45 83 2 32 97 38 30 59 82 65 37 78 9 56 6 98 76 33 79 15 72 62 58 90 3 87 22 21 64 48 63 41 14 96 77 74 51 35 20 71 68 85 84 50 91 89 70 1 99 19 28 27 24 44 10 93 17 80 69 11 73
TEST 192 ARG:59 57 40 18 26 15 75 79 46 30 37 83 17 3 95 5 82 70 1 62 91 9 73 11 20 55 87 72 43 69 27 7 65 84 81 96 6 71 13 25 50 51 36 29 94 4 80 77 33 22 48 14 66 97 52 16 89 31 21 56 0 8 76 23 34 63 68 54 38 58 2 92 86 90 44 10 39 12 93 64 74 61 41 67 98 42 32 35 45 78 85 88 49 24 19 99 47 60 28 53
TEST 193 ARG:44 33 69 87 71 73 32 63 84 5 39 41 17 52 11 83 67 50 90 66 30 46 55 82 40 18 16 15 14 12 49 77 27 26 19 80 75 7 10 35 3 98 43 13 8 85 4 37 34 81 97 29 64 94 61 23 1 54 47 53 2 38 51 95 92 21 0 62 78 25 28 57 56 72 42 86 68 96 9 58 24 45 91 60 22 79 89 36 76 48 74 99 20 93 31 70 6 88 59 65
TEST 194 ARG:46 44 89 70 50 90 98 39 43 63 34 35 37 12 7 88 76 18 29 58 81 73 11 71 60 3 68 20 45 56 83 42 80 24 2 54 28 67 0 99 47 57 8 1 78 91 79 48 26 77 32 64 94 86 15 6 72 27 31 53 74 4 62 23 30 16 38 14 65 59 33 66 87 92 13 5 52 95 96 10 19 25 55 93 69 85 51 61 21 75 36 49 82 41 9 97 84 40 17 22
TEST 195 ARG:81 96 33 50 80 86 63 97 12 74 56 45 14 89 37 66 2 30 46 20 48 75 27 65 93 92 77 76 49 44 73 29 79 64 34 88 58 18 16 54 85 5 21 31 87 72 78 67 38 60 53 24 35 3 71 68 52 84 61 41 43 25 47 17 11 28 7 70 1 8 26 94 19 22 98 13 59 99 83 57 9 23 90 82 40 32 36 15 39 69 6 55 91 62 51 42 0 4 10 95
TEST 196 ARG:57 71 23 30 59 44 33 3 92 48 74 17 29 67 93 73 58 66 91 41 70 24 60 52 97 31 1 13 94 61 26 47 34 96 42 16 77 15 83 63 5 0 76 95 18 54 38 46 11 43 65 49 9 68 4 6 19 14 45 86 50 27 82 8 39 55 21 88 37 81 51 56 98 75 99 80 87 36 62 12 35 2 40 72 89 7 53 10 20 28 78 32 85 69 25 90 84 64 22 79
TEST 197 ARG:8 27 4 55 47 0 82 31 72 2 37 89 88 77 17 86 66 30 3 92 39 56 46 93 87 7 96 45 36 98 13 57 73 1 97 42 78 26 9 74 43 94 20 90 91 41 28 61 14 64 84 51 29 19 15 40 38 32 71 34 6 52 65 24 99 23 60 11 81 68 49 80 25 12 54 70 44 83 35 10 76 50 22 59 63 58 21 67 5 69 16 75 18 79 53 33 95 85 62 48
TEST 198 ARG:19 31 30 9 38 12 78 15 69 39 2 43 27 20 37 33 64 34 68 23 82 22 57 54 76 17 92 47 6 96 29 93 97 26 3 60 83 87 88 41 67 5 0 90 55 99 61 25 71 73 32 16 45 77 95 65 58 51 36 35 28 52 44 11 84 1 8 21 14 89 59 42 94 81 49 7 91 86 70 13 56 63 4 75 98 53 48 62 10 50 66 18 46 40 72 80 24 74 79 85
TEST 199 ARG:26 21 97 63 33 87 7 12 39 16 79 36 35 43 68 18 98 58 42 64 17 57 40 23 31 9 75 94 71 0 72 29 28 86 69 77 27 13 92 22 81 41 90 34 19 99 67 3 55 1 84 2 59 95 11 48 10 85 5 37 82 65 83 32 73 62 66 70 44 56 24 30 47 20 6 54 80 51 76 88 49 53 8 38 78 60 46 14 74 15 45 91 89 96 50 4 93 25 61 52
TEST 200 ARG:63 60 16 53 48 90 75 87 66 95 12 67 15 19 80 64 84 27 14 56 59 7 97 11 98 43 47 65 50 71 88 38 6 29 36 58 49 62 0 37 23 70 42 77 4 5 20 99 61 79 44 3 40 24 18 35 22 86 81 74 82 34 41 10 28 17 30 46 76 72 91 55 54 96 57 51 94 33 25 68 26 21 45 13 31 69 2 9 93 89 78 92 73 1 32 83 39 52 85 8
TEST 201 ARG:97 43 3 88 5 47 9 53 4 90 19 56 26 87 8 1 60 62 75 55 82 72 51 94 86 34 38 18 84 11 39 66 7 67 2 70 42 95 93 24 27 25 78 32 71 50 77 52 21 48 83 76 0 96 37 68 46 16 79 41 69 98 44 85 14 91 54 45 29 65 33 36 10 58 22 20 40 63 35 73 30 59 15 80 61 6 81 92 12 74 99 64 49 28 23 17 13 57 89 31
Multiple size <= 500
